0 (1,-1)
1 (0,0)
2 (0,2)
3 (2,2)
4 (2,0)

c 0 2 4 1 3

5 (-1.5,0.5)
6 (-2,2)
7 (-2.5,1)
8 (-2,0)
9 (-3.5,1.5)
10 (-4,2)
11 (-4.5,1)
12 (-4,0)

w 2 6 10 11 12 8 1
w 1 5 6 9 12
w 6 7 8

13 (3.5,1.5)
14 (4,2)
15 (4.5,1)
16 (4,0)
17 (5.5,0.5)
18 (6,2)
19 (6.5,1)
20 (6,0)

w 3 14 18 19 20 16 4
w 3 13 16 17 18
w 14 15 16

21 (1.5,2.5)
22 (0,4)
23 (1,4.5)
24 (2,4)
25 (1.5,5.5)
26 (0,6)
27 (1,6.5)
28 (2,6)

w 2 22 26 27 28 24 3
w 2 21 24 25 26
w 22 23 24

w 2 24 26
e 2 3 22 24 26 28
w 3 16 18
e 3 4 14 16 18 20
