0  (0,2)
1  (0.5,1)
2  (0,0)
3  (1.5,1.5)
4  (2,2)
5  (2.5,1)
6  (2,0)
7  (3.5,0.5)
8  (4,2)
9  (4.5,1)
10 (4,0)

c 0 4 8 9 10 6 2 1
w 0 3 6 7 8
w 4 5 6

11 (-1.5,0)
12 (-2,0)
13 (-2.5,-1)
14 (-2,-2)
15 (-3.5,-1.5)
16 (-4,0)
17 (-4.5,-1)
18 (-4,-2)

w 0 12 16 17 18 14 2
w 0 11 14 15 16
w 12 13 14

19 (-1,2.5)
20 (-2,4)
21 (-2.5,3)
22 (-2,2)
23 (-3.5,2.5)
24 (-4,4)
25 (-4.5,3)
26 (-4,2)

w 0 20 24 25 26 22 2
w 0 19 22 23 24
w 20 21 22

w 2 0 6 8
e 4 6   8 10
w 0 14 16
e 12 14 16 18
w 0 22 24
e 20 22 24 26
